Beta (No) | Beta-value |         95% CI
        0 |      0.000 | [  -0.010,   0.010]
        1 |     -0.438 | [  -0.488,  -0.388]
        2 |      1.404 | [   1.350,   1.458]
        3 |     -1.319 | [  -1.419,  -1.219]
        4 |      1.653 | [   1.574,   1.733]
        5 |     -6.462 | [  -6.567,  -6.357]
        6 |      0.719 | [   0.656,   0.783]
        7 |      0.605 | [   0.551,   0.660]
        8 |     -1.448 | [  -1.503,  -1.393]
        9 |      4.535 | [   4.471,   4.600]
MSE: 0.01355236276007528
R2_score: 0.8119747412742944
