Beta (No) | Beta-value |         95% CI
        0 |      0.000 | [  -0.012,   0.012]
        1 |     -0.698 | [  -0.761,  -0.635]
        2 |      0.275 | [   0.214,   0.336]
        3 |     -0.655 | [  -0.778,  -0.533]
        4 |      1.194 | [   1.095,   1.292]
        5 |     -3.352 | [  -3.473,  -3.232]
        6 |      0.298 | [   0.221,   0.375]
        7 |      0.540 | [   0.472,   0.607]
        8 |     -0.914 | [  -0.981,  -0.848]
        9 |      2.314 | [   2.238,   2.390]
MSE: 0.020839439520353588
R2_score: 0.7695011699791356
